 en=           2
 Eigenvalues prima del calcolo:
   0.0000000000000000        0.0000000000000000     
   0.0000000000000000        0.0000000000000000     
   0.0000000000000000        0.0000000000000000     
   0.0000000000000000        0.0000000000000000     
 i)
 
 
 matrice A
   1.0000000000000000        5.6682470761127335E-004   0.0000000000000000        0.0000000000000000     
   3.6739089737475571E-004   1.0000000000000000        3.6739089737475571E-004   0.0000000000000000     
   0.0000000000000000        3.4708128851801547E-004   1.0000000000000000        3.4708128851801547E-004
   0.0000000000000000        0.0000000000000000       -100.00000000000000        1.0000000000000000     
 matrice A dopo DSYTRF
   1.0000000000000000        5.6682470761127335E-004   0.0000000000000000        0.0000000000000000     
   3.6739089737475571E-004  0.99999986502392857        3.6739089737475571E-004   0.0000000000000000     
   0.0000000000000000        3.4708133536569057E-004  0.99999987953456293        3.4708128851801547E-004
   0.0000000000000000        0.0000000000000000       -100.00000000000000        1.0000000000000000     
 matrice A
  -1.3316041001387724E-004   4.3366429759761403E-004   0.0000000000000000        0.0000000000000000     
  -7.8091392013092474E-005  -1.0005786426994021       -7.8091392013092474E-005   0.0000000000000000     
   0.0000000000000000       -2.9932753696581003E-004  -2.0010918911148727       -2.9932753696581003E-004
   0.0000000000000000        0.0000000000000000        2.8421709430404007E-014  -3.0006464088254843     
 matrice A dopo DSYTRF
  -1.3316041001387724E-004   4.3366429759761403E-004   0.0000000000000000        0.0000000000000000     
  0.58644601653715411       -1.0005328463136303       -7.8091392013092474E-005   0.0000000000000000     
  -0.0000000000000000        2.9916812633253806E-004  -2.0010918015656145       -2.9932753696581003E-004
  -0.0000000000000000       -0.0000000000000000       -1.4203101231121644E-014  -3.0006464088254843     
 -------------------------------------
 |Adesso dim=           4
 |Tinizio=           1 Tfine=           4
 |k1=           1 k2=           4
 -------------------------------------
 matrice A
  -1.1265497201762287E-008   4.3368202543164519E-004   0.0000000000000000        0.0000000000000000     
  -7.8032084324799274E-005  -1.0003123028305145       -7.8032084324799274E-005   0.0000000000000000     
   0.0000000000000000       -2.9924147964311727E-004  -2.0006923514998136       -2.9924147964311727E-004
   0.0000000000000000        0.0000000000000000       -1.3313141668234607E-002  -3.0001137971014309     
 matrice A dopo DSYTRF
  -1.0003123028305145        4.3368202543164519E-004   0.0000000000000000        0.0000000000000000     
   7.8007722292325397E-005  -5.1783920378620271E-009  -7.8032084324799274E-005   0.0000000000000000     
   2.9914805485884197E-004  -4.5077981874818391       -2.0006921567561147       -2.9924147964311727E-004
  -0.0000000000000000       -0.0000000000000000        6.6542679358629012E-003  -3.0000252078897023     
 work in progres...
 x=  0.99986686858331764      j=           1 kappa=           4
 matrice A
  0.49999999436725140        5.0025336652145922E-004   0.0000000000000000        0.0000000000000000     
   1.4467940652497822E-004  -1.5615141525726628E-004   1.4467940652497822E-004   0.0000000000000000     
   0.0000000000000000        2.3919904437449100E-005 -0.50034617574990681        2.3919904437449100E-005
   0.0000000000000000        0.0000000000000000       -50.006656570834117       -1.0000568985507154     
 matrice A dopo DSYTRF
  0.49999999436725140        5.0025336652145922E-004   0.0000000000000000        0.0000000000000000     
   2.8935881630972742E-004  -1.5619327951908274E-004   1.4467940652497822E-004   0.0000000000000000     
   0.0000000000000000      -0.15314298099827472      -0.50034251258443607        2.3919904437449100E-005
   0.0000000000000000       -0.0000000000000000       -50.006656570834117       -1.0000568985507154     
 work in progres...
 x=  0.49993343429165882      j=           1 kappa=           3
 matrice A
  0.74999999718362576        5.3353903706636634E-004   0.0000000000000000        0.0000000000000000     
   2.5603515194986697E-004  0.49992192429237137        2.5603515194986697E-004   0.0000000000000000     
   0.0000000000000000        1.8550059647773229E-004  0.24982691212504660        1.8550059647773229E-004
   0.0000000000000000        0.0000000000000000       -75.003328285417055       -2.8449275357722570E-005
 matrice A dopo DSYTRF
  0.74999999718362576        5.3353903706636634E-004   0.0000000000000000        0.0000000000000000     
   3.4138020388176180E-004  0.49992183688703901        2.5603515194986697E-004   0.0000000000000000     
   0.0000000000000000        3.7105919923967540E-004  0.24982684329334381        1.8550059647773229E-004
   0.0000000000000000        0.0000000000000000       -75.003328285417055       -2.8449275357722570E-005
 work in progres...
 x=  0.24996671714582941      j=           1 kappa=           1
 fine lavoro:
 x=  0.24996671714582941      j=           1 kappa=           1
 aj=   0.0000000000000000      bj=  0.24996671714582941     
 matrice A
   1.0000000000000000        5.6682470761127335E-004   0.0000000000000000        0.0000000000000000     
   3.6739089737475571E-004   1.0000000000000000        3.6739089737475571E-004   0.0000000000000000     
   0.0000000000000000        3.4708128851801547E-004   1.0000000000000000        3.4708128851801547E-004
   0.0000000000000000        0.0000000000000000       -100.00000000000000        1.0000000000000000     
 matrice A dopo DSYTRF
   1.0000000000000000        5.6682470761127335E-004   0.0000000000000000        0.0000000000000000     
   3.6739089737475571E-004  0.99999986502392857        3.6739089737475571E-004   0.0000000000000000     
   0.0000000000000000        3.4708133536569057E-004  0.99999987953456293        3.4708128851801547E-004
   0.0000000000000000        0.0000000000000000       -100.00000000000000        1.0000000000000000     
 kappa di aj=           0
 matrice A
  0.74999999718362576        5.3353903706636634E-004   0.0000000000000000        0.0000000000000000     
   2.5603515194986697E-004  0.49992192429237137        2.5603515194986697E-004   0.0000000000000000     
   0.0000000000000000        1.8550059647773229E-004  0.24982691212504660        1.8550059647773229E-004
   0.0000000000000000        0.0000000000000000       -75.003328285417055       -2.8449275357722570E-005
 matrice A dopo DSYTRF
  0.74999999718362576        5.3353903706636634E-004   0.0000000000000000        0.0000000000000000     
   3.4138020388176180E-004  0.49992183688703901        2.5603515194986697E-004   0.0000000000000000     
   0.0000000000000000        3.7105919923967540E-004  0.24982684329334381        1.8550059647773229E-004
   0.0000000000000000        0.0000000000000000       -75.003328285417055       -2.8449275357722570E-005
 kappa di bj=           1
 matrice A
  0.74999999718362576        5.3353903706636634E-004   0.0000000000000000        0.0000000000000000     
   2.5603515194986697E-004  0.49992192429237137        2.5603515194986697E-004   0.0000000000000000     
   0.0000000000000000        1.8550059647773229E-004  0.24982691212504660        1.8550059647773229E-004
   0.0000000000000000        0.0000000000000000       -75.003328285417055       -2.8449275357722570E-005
 matrice A dopo DSYTRF
  0.74999999718362576        5.3353903706636634E-004   0.0000000000000000        0.0000000000000000     
   3.4138020388176180E-004  0.49992183688703901        2.5603515194986697E-004   0.0000000000000000     
   0.0000000000000000        3.7105919923967540E-004  0.24982684329334381        1.8550059647773229E-004
   0.0000000000000000        0.0000000000000000       -75.003328285417055       -2.8449275357722570E-005
 EstMlt sovrastima la molteplicita`.
 
 ~~~~~~~~~~~~~~~~~~~~~~~~~
 entro in LagIt con
 j=           1 mlt=           1
 aj=   0.0000000000000000      bj=  0.24996671714582941     
 mi muovo verso sinistra
 xl(0)=  0.24995957155063314     
 matrice A
  0.75000714373033239        5.3353998857675244E-004   0.0000000000000000        0.0000000000000000     
   2.5603833518597402E-004  0.49993621961751034        2.5603833518597402E-004   0.0000000000000000     
   0.0000000000000000        1.8550521545353048E-004  0.24984835671284722        1.8550521545353048E-004
   0.0000000000000000        0.0000000000000000       -75.004042844936691        1.3772440310422240E-007
 matrice A dopo DSYTRF
  0.75000714373033239        5.3353998857675244E-004   0.0000000000000000        0.0000000000000000     
   3.4138119526769928E-004  0.49993613221083744        2.5603833518597402E-004   0.0000000000000000     
   0.0000000000000000        3.7105782819333731E-004  0.24984828787968485        1.8550521545353048E-004
   0.0000000000000000        0.0000000000000000       -75.004042844936691        1.3772440310422240E-007
 mi muovo verso destra
 xl(0)=  0.24995957155460935     
 condizione di arresto (24) del terzo tipo
 
 LagIt compie            3  iterazioni.
 esco da LagIt
 ~~~~~~~~~~~~~~~~~~~~~~~~~
 matrice A
  0.50007813131584489        5.0026376988425512E-004   0.0000000000000000        0.0000000000000000     
   1.4471421051720959E-004   1.4688255922656879E-007   1.4471421051720959E-004   0.0000000000000000     
   0.0000000000000000        2.3970406125790823E-005 -0.50011171080853400        2.3970406125790823E-005
   0.0000000000000000        0.0000000000000000       -50.014469225357196      -0.99974434186810424     
 matrice A dopo DSYTRF
  0.50007813131584489        5.0026376988425512E-004   0.0000000000000000        0.0000000000000000     
   2.8938320125382441E-004   1.0500469772017881E-007   1.4471421051720959E-004   0.0000000000000000     
   0.0000000000000000        228.27936888755423      -0.50558365999090793        2.3970406125790823E-005
   0.0000000000000000        0.0000000000000000       -50.014469225357196      -0.99974434186810424     
 work in progres...
 x=  0.49985530774642806      j=           2 kappa=           2
 fine lavoro:
 x=  0.49985530774642806      j=           2 kappa=           2
 aj=   0.0000000000000000      bj=  0.49985530774642806     
 matrice A
   1.0000000000000000        5.6682470761127335E-004   0.0000000000000000        0.0000000000000000     
   3.6739089737475571E-004   1.0000000000000000        3.6739089737475571E-004   0.0000000000000000     
   0.0000000000000000        3.4708128851801547E-004   1.0000000000000000        3.4708128851801547E-004
   0.0000000000000000        0.0000000000000000       -100.00000000000000        1.0000000000000000     
 matrice A dopo DSYTRF
   1.0000000000000000        5.6682470761127335E-004   0.0000000000000000        0.0000000000000000     
   3.6739089737475571E-004  0.99999986502392857        3.6739089737475571E-004   0.0000000000000000     
   0.0000000000000000        3.4708133536569057E-004  0.99999987953456293        3.4708128851801547E-004
   0.0000000000000000        0.0000000000000000       -100.00000000000000        1.0000000000000000     
 kappa di aj=           0
 matrice A
  0.50007813131584489        5.0026376988425512E-004   0.0000000000000000        0.0000000000000000     
   1.4471421051720959E-004   1.4688255922656879E-007   1.4471421051720959E-004   0.0000000000000000     
   0.0000000000000000        2.3970406125790823E-005 -0.50011171080853400        2.3970406125790823E-005
   0.0000000000000000        0.0000000000000000       -50.014469225357196      -0.99974434186810424     
 matrice A dopo DSYTRF
  0.50007813131584489        5.0026376988425512E-004   0.0000000000000000        0.0000000000000000     
   2.8938320125382441E-004   1.0500469772017881E-007   1.4471421051720959E-004   0.0000000000000000     
   0.0000000000000000        228.27936888755423      -0.50558365999090793        2.3970406125790823E-005
   0.0000000000000000        0.0000000000000000       -50.014469225357196      -0.99974434186810424     
 kappa di bj=           2
 matrice A
  0.50007813131584489        5.0026376988425512E-004   0.0000000000000000        0.0000000000000000     
   1.4471421051720959E-004   1.4688255922656879E-007   1.4471421051720959E-004   0.0000000000000000     
   0.0000000000000000        2.3970406125790823E-005 -0.50011171080853400        2.3970406125790823E-005
   0.0000000000000000        0.0000000000000000       -50.014469225357196      -0.99974434186810424     
 matrice A dopo DSYTRF
  0.50007813131584489        5.0026376988425512E-004   0.0000000000000000        0.0000000000000000     
   2.8938320125382441E-004   1.0500469772017881E-007   1.4471421051720959E-004   0.0000000000000000     
   0.0000000000000000        228.27936888755423      -0.50558365999090793        2.3970406125790823E-005
   0.0000000000000000        0.0000000000000000       -50.014469225357196      -0.99974434186810424     
 
 ~~~~~~~~~~~~~~~~~~~~~~~~~
 entro in LagIt con
 j=           2 mlt=           1
 aj=   0.0000000000000000      bj=  0.49985530774642806     
 mi muovo verso sinistra
 xl(0)=  0.49985515187625046     
 matrice A
  0.50007828720677827        5.0026379063999188E-004   0.0000000000000000        0.0000000000000000     
   1.4471427995461315E-004   4.5871310760947637E-007   1.4471427995461315E-004   0.0000000000000000     
   0.0000000000000000        2.3970506881649232E-005 -0.50011124302780807        2.3970506881649232E-005
   0.0000000000000000        0.0000000000000000       -50.014484812374953      -0.99974371828663799     
 matrice A dopo DSYTRF
  0.50007828720677827        5.0026379063999188E-004   0.0000000000000000        0.0000000000000000     
   2.8938324989658063E-004   4.1683521896976684E-007   1.4471427995461315E-004   0.0000000000000000     
   0.0000000000000000        57.505953889629993      -0.50148968989125520        2.3970506881649232E-005
   0.0000000000000000        0.0000000000000000       -50.014484812374953      -0.99974371828663799     
 mi muovo verso sinistra
 xl(0)=  0.49985515173735506     
 matrice A
  0.50007828734569215        5.0026379065848728E-004   0.0000000000000000        0.0000000000000000     
   1.4471428001648859E-004   4.5899097877999395E-007   1.4471428001648859E-004   0.0000000000000000     
   0.0000000000000000        2.3970506971432448E-005 -0.50011124261097017        2.3970506971432448E-005
   0.0000000000000000        0.0000000000000000       -50.014484826264493      -0.99974371773096671     
 matrice A dopo DSYTRF
  0.50007828734569215        5.0026379065848728E-004   0.0000000000000000        0.0000000000000000     
   2.8938324993992606E-004   4.1711309011610598E-007   1.4471428001648859E-004   0.0000000000000000     
   0.0000000000000000        57.467644961130588      -0.50148877119514279        2.3970506971432448E-005
   0.0000000000000000        0.0000000000000000       -50.014484826264493      -0.99974371773096671     
 mi muovo verso sinistra
 xl(0)=  0.49985515132054509     
 condizione di arresto (24) del secondo tipo
 
 LagIt compie            4  iterazioni.
 esco da LagIt
 ~~~~~~~~~~~~~~~~~~~~~~~~~
 matrice A
  0.66674355760300874        5.2245405151675472E-004   0.0000000000000000        0.0000000000000000     
   2.1895082080395314E-004  0.33338304578554101        2.1895082080395314E-004   0.0000000000000000     
   0.0000000000000000        1.3169006458695022E-004  -4.6523192187564177E-008   1.3169006458695022E-004
   0.0000000000000000        0.0000000000000000       -66.678792825910321      -0.33306367818751803     
 matrice A dopo DSYTRF
  0.66674355760300874        5.2245405151675472E-004   0.0000000000000000        0.0000000000000000     
   3.2838835607365617E-004  0.33338297388464089        2.1895082080395314E-004   0.0000000000000000     
   0.0000000000000000        3.9501136801460768E-004  -9.8542264753987425E-008   1.3169006458695022E-004
   0.0000000000000000        0.0000000000000000       -66.678792825910321      -0.33306367818751803     
 work in progres...
 x=  0.33321207174089679      j=           3 kappa=           2
 fine lavoro:
 x=  0.33321207174089679      j=           3 kappa=           2
 aj=  0.33321207174089679      bj=   1.0000000000000002     
 matrice A
  0.66674355760300874        5.2245405151675472E-004   0.0000000000000000        0.0000000000000000     
   2.1895082080395314E-004  0.33338304578554101        2.1895082080395314E-004   0.0000000000000000     
   0.0000000000000000        1.3169006458695022E-004  -4.6523192187564177E-008   1.3169006458695022E-004
   0.0000000000000000        0.0000000000000000       -66.678792825910321      -0.33306367818751803     
 matrice A dopo DSYTRF
  0.66674355760300874        5.2245405151675472E-004   0.0000000000000000        0.0000000000000000     
   3.2838835607365617E-004  0.33338297388464089        2.1895082080395314E-004   0.0000000000000000     
   0.0000000000000000        3.9501136801460768E-004  -9.8542264753987425E-008   1.3169006458695022E-004
   0.0000000000000000        0.0000000000000000       -66.678792825910321      -0.33306367818751803     
 kappa di aj=           2
 matrice A
  -1.3316041001387724E-004   4.3366429759761403E-004   0.0000000000000000        0.0000000000000000     
  -7.8091392013092474E-005  -1.0005786426994021       -7.8091392013092474E-005   0.0000000000000000     
   0.0000000000000000       -2.9932753696581003E-004  -2.0010918911148727       -2.9932753696581003E-004
   0.0000000000000000        0.0000000000000000        2.8421709430404007E-014  -3.0006464088254843     
 matrice A dopo DSYTRF
  -1.3316041001387724E-004   4.3366429759761403E-004   0.0000000000000000        0.0000000000000000     
  0.58644601653715411       -1.0005328463136303       -7.8091392013092474E-005   0.0000000000000000     
  -0.0000000000000000        2.9916812633253806E-004  -2.0010918015656145       -2.9932753696581003E-004
  -0.0000000000000000       -0.0000000000000000       -1.4203101231121644E-014  -3.0006464088254843     
 kappa di bj=           4
 matrice A
  0.66674355760300874        5.2245405151675472E-004   0.0000000000000000        0.0000000000000000     
   2.1895082080395314E-004  0.33338304578554101        2.1895082080395314E-004   0.0000000000000000     
   0.0000000000000000        1.3169006458695022E-004  -4.6523192187564177E-008   1.3169006458695022E-004
   0.0000000000000000        0.0000000000000000       -66.678792825910321      -0.33306367818751803     
 matrice A dopo DSYTRF
  0.66674355760300874        5.2245405151675472E-004   0.0000000000000000        0.0000000000000000     
   3.2838835607365617E-004  0.33338297388464089        2.1895082080395314E-004   0.0000000000000000     
   0.0000000000000000        3.9501136801460768E-004  -9.8542264753987425E-008   1.3169006458695022E-004
   0.0000000000000000        0.0000000000000000       -66.678792825910321      -0.33306367818751803     
 
 ~~~~~~~~~~~~~~~~~~~~~~~~~
 entro in LagIt con
 j=           3 mlt=           1
 aj=  0.33321207174089679      bj=   1.0000000000000002     
 mi muovo verso destra
 xl(0)=  0.33321216391462211     
 matrice A
  0.66674346541700946        5.2245403924286362E-004   0.0000000000000000        0.0000000000000000     
   2.1895077974219096E-004  0.33338286138475481        2.1895077974219096E-004   0.0000000000000000     
   0.0000000000000000        1.3169000500504069E-004  -3.2314501186014866E-007   1.3169000500504069E-004
   0.0000000000000000        0.0000000000000000       -66.678783608537799      -0.33306404694200120     
 matrice A dopo DSYTRF
  0.66674346541700946        5.2245403924286362E-004   0.0000000000000000        0.0000000000000000     
   3.2838833989209015E-004  0.33338278948387173        2.1895077974219096E-004   0.0000000000000000     
   0.0000000000000000        3.9501140778417878E-004  -3.7516406612829533E-007   1.3169000500504069E-004
   0.0000000000000000        0.0000000000000000       -66.678783608537799      -0.33306404694200120     
 mi muovo verso destra
 xl(0)=  0.33321244051539484     
 condizione di arresto (24) del secondo tipo
 
 LagIt compie            3  iterazioni.
 esco da LagIt
 ~~~~~~~~~~~~~~~~~~~~~~~~~
 matrice A
  0.75000714188414697        5.3353998833094636E-004   0.0000000000000000        0.0000000000000000     
   2.5603833436364071E-004  0.49993621592456317        2.5603833436364071E-004   0.0000000000000000     
   0.0000000000000000        1.8550521426029891E-004  0.24984835117301318        1.8550521426029891E-004
   0.0000000000000000        0.0000000000000000       -75.004042660342733        1.3033945178708706E-007
 matrice A dopo DSYTRF
  0.75000714188414697        5.3353998833094636E-004   0.0000000000000000        0.0000000000000000     
   3.4138119501159468E-004  0.49993612851789060        2.5603833436364071E-004   0.0000000000000000     
   0.0000000000000000        3.7105782854751309E-004  0.24984828233985121        1.8550521426029891E-004
   0.0000000000000000        0.0000000000000000       -75.004042660342733        1.3033945178708706E-007
 work in progres...
 x=  0.24995957339657265      j=           4 kappa=           0
 matrice A
  0.37493699073706654        4.8360214296428019E-004   0.0000000000000000        0.0000000000000000     
   8.8973471175274094E-005 -0.25032121338741953        8.8973471175274094E-005   0.0000000000000000     
   0.0000000000000000       -5.6911161352755631E-005 -0.87562176997092966       -5.6911161352755631E-005
   0.0000000000000000        0.0000000000000000       -37.502021330171353       -1.5003231392430165     
 matrice A dopo DSYTRF
  0.37493699073706654        4.8360214296428019E-004   0.0000000000000000        0.0000000000000000     
   2.3730246247607200E-004 -0.25032123450104332        8.8973471175274094E-005   0.0000000000000000     
   0.0000000000000000        2.2735251152861515E-004 -0.87562175703203415       -5.6911161352755631E-005
   0.0000000000000000       -0.0000000000000000       -37.502021330171353       -1.5003231392430165     
 work in progres...
 x=  0.62497978669828647      j=           4 kappa=           3
 fine lavoro:
 x=  0.62497978669828647      j=           4 kappa=           3
 aj=  0.62497978669828647      bj=   1.0000000000000002     
 matrice A
  0.37493699073706654        4.8360214296428019E-004   0.0000000000000000        0.0000000000000000     
   8.8973471175274094E-005 -0.25032121338741953        8.8973471175274094E-005   0.0000000000000000     
   0.0000000000000000       -5.6911161352755631E-005 -0.87562176997092966       -5.6911161352755631E-005
   0.0000000000000000        0.0000000000000000       -37.502021330171353       -1.5003231392430165     
 matrice A dopo DSYTRF
  0.37493699073706654        4.8360214296428019E-004   0.0000000000000000        0.0000000000000000     
   2.3730246247607200E-004 -0.25032123450104332        8.8973471175274094E-005   0.0000000000000000     
   0.0000000000000000        2.2735251152861515E-004 -0.87562175703203415       -5.6911161352755631E-005
   0.0000000000000000       -0.0000000000000000       -37.502021330171353       -1.5003231392430165     
 kappa di aj=           3
 matrice A
  -1.3316041001387724E-004   4.3366429759761403E-004   0.0000000000000000        0.0000000000000000     
  -7.8091392013092474E-005  -1.0005786426994021       -7.8091392013092474E-005   0.0000000000000000     
   0.0000000000000000       -2.9932753696581003E-004  -2.0010918911148727       -2.9932753696581003E-004
   0.0000000000000000        0.0000000000000000        2.8421709430404007E-014  -3.0006464088254843     
 matrice A dopo DSYTRF
  -1.3316041001387724E-004   4.3366429759761403E-004   0.0000000000000000        0.0000000000000000     
  0.58644601653715411       -1.0005328463136303       -7.8091392013092474E-005   0.0000000000000000     
  -0.0000000000000000        2.9916812633253806E-004  -2.0010918015656145       -2.9932753696581003E-004
  -0.0000000000000000       -0.0000000000000000       -1.4203101231121644E-014  -3.0006464088254843     
 kappa di bj=           4
 matrice A
  0.37493699073706654        4.8360214296428019E-004   0.0000000000000000        0.0000000000000000     
   8.8973471175274094E-005 -0.25032121338741953        8.8973471175274094E-005   0.0000000000000000     
   0.0000000000000000       -5.6911161352755631E-005 -0.87562176997092966       -5.6911161352755631E-005
   0.0000000000000000        0.0000000000000000       -37.502021330171353       -1.5003231392430165     
 matrice A dopo DSYTRF
  0.37493699073706654        4.8360214296428019E-004   0.0000000000000000        0.0000000000000000     
   2.3730246247607200E-004 -0.25032123450104332        8.8973471175274094E-005   0.0000000000000000     
   0.0000000000000000        2.2735251152861515E-004 -0.87562175703203415       -5.6911161352755631E-005
   0.0000000000000000       -0.0000000000000000       -37.502021330171353       -1.5003231392430165     
 
 ~~~~~~~~~~~~~~~~~~~~~~~~~
 entro in LagIt con
 j=           4 mlt=           1
 aj=  0.62497978669828647      bj=   1.0000000000000002     
 mi muovo verso destra
 xl(0)=  0.89558061392169996     
 matrice A
  0.10430013019654993        4.4756882586117504E-004   0.0000000000000000        0.0000000000000000     
  -3.1574404846457661E-005 -0.79167944902737131       -3.1574404846457661E-005   0.0000000000000000     
   0.0000000000000000       -2.3182992425319391E-004  -1.6877197182800923       -2.3182992425319391E-004
   0.0000000000000000        0.0000000000000000       -10.441938607829996       -2.5829013668995708     
 matrice A dopo DSYTRF
  0.10430013019654993        4.4756882586117504E-004   0.0000000000000000        0.0000000000000000     
  -3.0272641833674422E-004 -0.79167945858577782       -3.1574404846457661E-005   0.0000000000000000     
   0.0000000000000000        2.9283306739740969E-004  -1.6877196503926244       -2.3182992425319391E-004
   0.0000000000000000       -0.0000000000000000       -10.441938607829996       -2.5829013668995708     
 mi muovo verso destra
 xl(0)=  0.99963120970215447     
 matrice A
   2.3567899609910903E-004   4.3371340586488419E-004   0.0000000000000000        0.0000000000000000     
  -7.7927102466904090E-005 -0.99984084870589718       -7.7927102466904090E-005   0.0000000000000000     
   0.0000000000000000       -2.9908914766252971E-004  -1.9999851175424856       -2.9908914766252971E-004
   0.0000000000000000        0.0000000000000000       -3.6879029784557815E-002  -2.9991710092447978     
 matrice A dopo DSYTRF
   2.3567899609910903E-004   4.3371340586488419E-004   0.0000000000000000        0.0000000000000000     
 -0.33064933132239649      -0.99986661525021980       -7.7927102466904090E-005   0.0000000000000000     
   0.0000000000000000        2.9912904691560451E-004  -1.9999850280762339       -2.9908914766252971E-004
   0.0000000000000000       -0.0000000000000000        1.8439652930817885E-002  -2.9984909727351452     
 mi muovo verso destra
 xl(0)=  0.99986710804242684     
 matrice A
  -2.5075649290329238E-007   4.3368199354517202E-004   0.0000000000000000        0.0000000000000000     
  -7.8032190999591429E-005  -1.0003127818872941       -7.8032190999591429E-005   0.0000000000000000     
   0.0000000000000000       -2.9924163443159879E-004  -2.0006930701386048       -2.9924163443159879E-004
   0.0000000000000000        0.0000000000000000       -1.3289195757309358E-002  -3.0001147550926568     
 matrice A dopo DSYTRF
  -1.0003127818872941        4.3368199354517202E-004   0.0000000000000000        0.0000000000000000     
   7.8007791575318856E-005  -2.4466937401163081E-007  -7.8032190999591429E-005   0.0000000000000000     
   2.9914806633483021E-004  -9.5407033036706321E-002  -2.0006929783939449       -2.9924163443159879E-004
  -0.0000000000000000       -0.0000000000000000        6.6422963947108228E-003  -3.0000264843155895     
 mi muovo verso sinistra
 xl(0)=  0.99986704529886505     
 matrice A
  -1.8800457612933030E-007   4.3368200190013040E-004   0.0000000000000000        0.0000000000000000     
  -7.8032163048445907E-005  -1.0003126563638647       -7.8032163048445907E-005   0.0000000000000000     
   0.0000000000000000       -2.9924159387360671E-004  -2.0006928818394103       -2.9924159387360671E-004
   0.0000000000000000        0.0000000000000000       -1.3295470113490637E-002  -3.0001145040778514     
 matrice A dopo DSYTRF
  -1.0003126563638647        4.3368200190013040E-004   0.0000000000000000        0.0000000000000000     
   7.8007773421654710E-005  -1.8191746083464552E-007  -7.8032163048445907E-005   0.0000000000000000     
   2.9914806332786943E-004 -0.12831737176919472       -2.0006927893265329       -2.9924159387360671E-004
  -0.0000000000000000       -0.0000000000000000        6.6454331141794732E-003  -3.0000261499204908     
 mi muovo verso sinistra
 xl(0)=  0.99986704526542625     
 matrice A
  -1.8797113288115952E-007   4.3368200190458317E-004   0.0000000000000000        0.0000000000000000     
  -7.8032163033549512E-005  -1.0003126562969675       -7.8032163033549512E-005   0.0000000000000000     
   0.0000000000000000       -2.9924159385199162E-004  -2.0006928817390572       -2.9924159385199162E-004
   0.0000000000000000        0.0000000000000000       -1.3295473457375806E-002  -3.0001145039440749     
 matrice A dopo DSYTRF
  -1.0003126562969675        4.3368200190458317E-004   0.0000000000000000        0.0000000000000000     
   7.8007773411979832E-005  -1.8188401758839173E-007  -7.8032163033549512E-005   0.0000000000000000     
   2.9914806332626703E-004 -0.12834096562278532       -2.0006927892256292       -2.9924159385199162E-004
  -0.0000000000000000       -0.0000000000000000        6.6454347858782639E-003  -3.0000261497422667     
 mi muovo verso sinistra
 xl(0)=  0.99986704516509206     
 condizione di arresto (24) del secondo tipo
 
 LagIt compie            7  iterazioni.
 esco da LagIt
 ~~~~~~~~~~~~~~~~~~~~~~~~~
 
 Eigenvalues dopo il calcolo:
  0.24995957155460935       0.99986686858331764     
  0.49985515132054509       0.49985530774642806     
  0.33321244051539484       0.33321207174089679     
  0.99986704516509206       0.24995957339657265     
 ii)
 
 
 matrice A
   1.0001331604100137        1.3316041001365931E-004   0.0000000000000000        0.0000000000000000     
   4.4548228938784808E-004   2.0005786426994017        4.4548228938784808E-004   0.0000000000000000     
   0.0000000000000000        6.4640882548382540E-004   3.0010918911148718        6.4640882548382540E-004
   0.0000000000000000        0.0000000000000000       -100.00000000000000        4.0006464088254834     
 matrice A dopo DSYTRF
   1.0001331604100137        1.3316041001365931E-004   0.0000000000000000        0.0000000000000000     
   4.4542297668164366E-004   2.0005784442713543        4.4548228938784808E-004   0.0000000000000000     
   0.0000000000000000        3.2311096189945146E-004   3.0010916822530946        6.4640882548382540E-004
   0.0000000000000000        0.0000000000000000       -100.00000000000000        4.0006464088254834     
 matrice A
   1.3316041001365519E-004  -4.3366429759761403E-004   0.0000000000000000        0.0000000000000000     
   7.8091392013092365E-005   1.0005786426994017        7.8091392013092365E-005   0.0000000000000000     
   0.0000000000000000        2.9932753696580993E-004   2.0010918911148718        2.9932753696580993E-004
   0.0000000000000000        0.0000000000000000        0.0000000000000000        3.0006464088254834     
 matrice A dopo DSYTRF
   1.3316041001365519E-004  -4.3366429759761403E-004   0.0000000000000000        0.0000000000000000     
  0.58644601653813122        1.0005328463136296        7.8091392013092365E-005   0.0000000000000000     
   0.0000000000000000        2.9916812633253812E-004   2.0010918015656136        2.9932753696580993E-004
   0.0000000000000000        0.0000000000000000        0.0000000000000000        3.0006464088254834     
 -------------------------------------
 |Adesso dim=           4
 |Tinizio=           1 Tfine=           4
 |k1=           1 k2=           0
 -------------------------------------
 
 Eigenvalues dopo il calcolo:
   0.0000000000000000        2.0005792144133134     
   0.0000000000000000        1.0001334018385850     
   0.0000000000000000        4.0006467708437770     
   0.0000000000000000        3.0010919238511606     
 iii)
 
 
 matrice A
   1.0001331604100137        1.3316041001365931E-004   0.0000000000000000        0.0000000000000000     
   4.4548228938784808E-004   2.0005786426994017        4.4548228938784808E-004   0.0000000000000000     
   0.0000000000000000        6.4640882548382540E-004   3.0010918911148718        6.4640882548382540E-004
   0.0000000000000000        0.0000000000000000       -100.00000000000000        4.0006464088254834     
 matrice A dopo DSYTRF
   1.0001331604100137        1.3316041001365931E-004   0.0000000000000000        0.0000000000000000     
   4.4542297668164366E-004   2.0005784442713543        4.4548228938784808E-004   0.0000000000000000     
   0.0000000000000000        3.2311096189945146E-004   3.0010916822530946        6.4640882548382540E-004
   0.0000000000000000        0.0000000000000000       -100.00000000000000        4.0006464088254834     
 matrice A
   2.0001331604100137        6.9998511762493266E-004   0.0000000000000000        0.0000000000000000     
   8.1287318676260384E-004   3.0005786426994017        8.1287318676260384E-004   0.0000000000000000     
   0.0000000000000000        9.9349011400184082E-004   4.0010918911148714        9.9349011400184082E-004
   0.0000000000000000        0.0000000000000000       -200.00000000000000        5.0006464088254834     
 matrice A dopo DSYTRF
   2.0001331604100137        6.9998511762493266E-004   0.0000000000000000        0.0000000000000000     
   4.0640953455117480E-004   3.0005783123399881        8.1287318676260384E-004   0.0000000000000000     
   0.0000000000000000        3.3109954501639780E-004   4.0010915621707470        9.9349011400184082E-004
   0.0000000000000000        0.0000000000000000       -200.00000000000000        5.0006464088254834     
 -------------------------------------
 |Adesso dim=           4
 |Tinizio=           1 Tfine=           4
 |k1=           1 k2=           0
 -------------------------------------
 
 Eigenvalues dopo il calcolo:
   0.0000000000000000       -1.0001334018385850     
   0.0000000000000000       -2.0005792144133134     
   0.0000000000000000       -3.0010919238511606     
   0.0000000000000000       -4.0006467708437770     
 FINE CALCOLO AUTOVALORI!
