 T=
   1.0000000000000000        5.6682470761127335E-004   0.0000000000000000        0.0000000000000000     
   5.6682470761127335E-004   1.0000000000000000        3.6739089737475571E-004   0.0000000000000000     
   0.0000000000000000        3.6739089737475571E-004   1.0000000000000000        3.4708128851801547E-004
   0.0000000000000000        0.0000000000000000        3.4708128851801547E-004   1.0000000000000000     
 T diag=
   1.0000000000000000        1.0000000000000000        1.0000000000000000        1.0000000000000000     
 T super=
   5.6682470761127335E-004   3.6739089737475571E-004   3.4708128851801547E-004   0.0000000000000000     
 S=
  0.30013316041001370        1.3316041001365931E-004   0.0000000000000000        0.0000000000000000     
   1.3316041001365931E-004  0.40057864269940152        4.4548228938784808E-004   0.0000000000000000     
   0.0000000000000000        4.4548228938784808E-004  0.50109189111487162        6.4640882548382540E-004
   0.0000000000000000        0.0000000000000000        6.4640882548382540E-004  0.60064640882548392     
 S diag=
  0.30013316041001370       0.40057864269940152       0.50109189111487162       0.60064640882548392     
 S super=
   1.3316041001365931E-004   4.4548228938784808E-004   6.4640882548382540E-004   0.0000000000000000     
 n=           4
 j=           1
 j-esimo autovalore=   1.6648676793393100     
 x=   1.8302579276969373     
 matrice A
  0.45067890379483588        3.2310681152839871E-004   0.0000000000000000        0.0000000000000000     
   3.2310681152839871E-004  0.26683776353334154       -4.4795659442593442E-004   0.0000000000000000     
   0.0000000000000000       -4.4795659442593442E-004   8.2872593782355675E-002  -8.3601358885702199E-004
   0.0000000000000000        0.0000000000000000       -8.3601358885702199E-004  -9.9337851495537643E-002
 matrice A dopo DSYTRF
  0.45067890379483588        3.2310681152839871E-004   0.0000000000000000        0.0000000000000000     
   7.1693351698460628E-004  0.26683753188723880       -4.4795659442593442E-004   0.0000000000000000     
   0.0000000000000000       -1.6787615717238518E-003   8.2871841770039145E-002  -8.3601358885702199E-004
   0.0000000000000000        0.0000000000000000       -1.0088029552629878E-002  -9.9346285225328429E-002
 numAut=           1
 kappa=           1
 fPrimo=  -1.0782650238490956     
 fSecondo=  -2.8603358160277810     
 j=           2
 j-esimo autovalore=   1.9956481760545646     
 x=   2.2460209269432729     
 matrice A
  0.32589464084948705        2.6774364008024795E-004   0.0000000000000000        0.0000000000000000     
   2.6774364008024795E-004  0.10029198561061203       -6.3317164717295029E-004   0.0000000000000000     
   0.0000000000000000       -6.3317164717295029E-004 -0.12546287376558163       -1.1047664608794785E-003
   0.0000000000000000        0.0000000000000000       -1.1047664608794785E-003 -0.34906440391536142     
 matrice A dopo DSYTRF
  0.32589464084948705        2.6774364008024795E-004   0.0000000000000000        0.0000000000000000     
   8.2156502906073896E-004  0.10029176564180059       -6.3317164717295029E-004   0.0000000000000000     
   0.0000000000000000       -6.3132964418471738E-003 -0.12546687116588881       -1.1047664608794785E-003
   0.0000000000000000        0.0000000000000000        8.8052443693984132E-003 -0.34905467617670227     
 numAut=           2
 kappa=           1
 fPrimo=  -1.4186427578381307     
 fSecondo=  -3.9188481145412202     
 j=           3
 j-esimo autovalore=   2.4963936778319811     
 x=   2.9141241292441640     
 matrice A
  0.12537471526286981        1.7877874373042256E-004   0.0000000000000000        0.0000000000000000     
   1.7877874373042256E-004 -0.16733588835020252       -9.3079979128130388E-004   0.0000000000000000     
   0.0000000000000000       -9.3079979128130388E-004 -0.46024397086643676       -1.5366342671807799E-003
   0.0000000000000000        0.0000000000000000       -1.5366342671807799E-003 -0.75035819310219742     
 matrice A dopo DSYTRF
  0.12537471526286981        1.7877874373042256E-004   0.0000000000000000        0.0000000000000000     
   1.4259553320267325E-003 -0.16733614328070540       -9.3079979128130388E-004   0.0000000000000000     
   0.0000000000000000        5.5624551458670389E-003 -0.46023879333434797       -1.5366342671807799E-003
   0.0000000000000000       -0.0000000000000000        3.3387760645905980E-003 -0.75035306262448609     
 numAut=           3
 kappa=           1
 fPrimo=  -3.1410774769316756     
 fSecondo=  -9.1247858796073000     
 j=           4
 j-esimo autovalore=   3.3318545806563469     
 x=   4.3318545806563469     
 matrice A
 -0.30013320572898405       -1.0006824468474082E-005   0.0000000000000000        0.0000000000000000     
  -1.0006824468474082E-005 -0.73524842829050452       -1.5623735985112704E-003   0.0000000000000000     
   0.0000000000000000       -1.5623735985112704E-003  -1.1706572038557082       -2.4530677431307828E-003
   0.0000000000000000        0.0000000000000000       -2.4530677431307828E-003  -1.6019128974254575     
 matrice A dopo DSYTRF
 -0.30013320572898405       -1.0006824468474082E-005   0.0000000000000000        0.0000000000000000     
   3.3341277397710201E-005 -0.73524842795686418       -1.5623735985112704E-003   0.0000000000000000     
  -0.0000000000000000        2.1249601347028413E-003  -1.1706538838740959       -2.4530677431307828E-003
  -0.0000000000000000       -0.0000000000000000        2.0954679917968059E-003  -1.6019077571005200     
 numAut=           4
 kappa=           2
 fPrimo=   14.306549214223997     
 fSecondo=  -10.123389746001042     
