 T=
   1.0000000000000000        5.6682470761127335E-004   0.0000000000000000        0.0000000000000000     
   5.6682470761127335E-004   1.0000000000000000        3.6739089737475571E-004   0.0000000000000000     
   0.0000000000000000        3.6739089737475571E-004   1.0000000000000000        3.4708128851801547E-004
   0.0000000000000000        0.0000000000000000        3.4708128851801547E-004   1.0000000000000000     
 T diag=
   1.0000000000000000        1.0000000000000000        1.0000000000000000        1.0000000000000000     
 T super=
   5.6682470761127335E-004   3.6739089737475571E-004   3.4708128851801547E-004   0.0000000000000000     
 S=
  0.30013316041001370        1.3316041001365931E-004   0.0000000000000000        0.0000000000000000     
   1.3316041001365931E-004  0.40057864269940152        4.4548228938784808E-004   0.0000000000000000     
   0.0000000000000000        4.4548228938784808E-004  0.50109189111487162        6.4640882548382540E-004
   0.0000000000000000        0.0000000000000000        6.4640882548382540E-004  0.60064640882548392     
 S diag=
  0.30013316041001370       0.40057864269940152       0.50109189111487162       0.60064640882548392     
 S super=
   1.3316041001365931E-004   4.4548228938784808E-004   6.4640882548382540E-004   0.0000000000000000     
 n=           4
 j=           1
 j-esimo autovalore=   1.6648676793393100     
 x=   1.6658676793393099     
 matrice A
  0.50001786857499764        3.4499708440194766E-004   0.0000000000000000        0.0000000000000000     
   3.4499708440194766E-004  0.33268898609345743       -3.7472365023454160E-004   0.0000000000000000     
   0.0000000000000000       -3.7472365023454160E-004  0.16524721421272259       -7.2975028149517367E-004
   0.0000000000000000        0.0000000000000000       -7.2975028149517367E-004  -5.9743917359922349E-004
 matrice A dopo DSYTRF
  0.50001786857499764        3.4499708440194766E-004   0.0000000000000000        0.0000000000000000     
   6.8996951125997925E-004  0.33268874805598769       -3.7472365023454160E-004   0.0000000000000000     
   0.0000000000000000       -1.1263490347184206E-003  0.16524679214310087       -7.2975028149517367E-004
   0.0000000000000000        0.0000000000000000       -4.4161237385063577E-003  -6.0066184114051602E-004
 numAut=           1
 kappa=           1
 fPrimo= -0.98636827603098776     
 fSecondo=  -2.3273379657194782     
 j=           2
 j-esimo autovalore=   1.9956481760545646     
 x=   1.9966481760545645     
 matrice A
  0.40073967269385413        3.0095021783482252E-004   0.0000000000000000        0.0000000000000000     
   3.0095021783482252E-004  0.20018538368782690       -5.2208050319610291E-004   0.0000000000000000     
   0.0000000000000000       -5.2208050319610291E-004  -5.0421043024084788E-004  -9.4356971386983781E-004
   0.0000000000000000        0.0000000000000000       -9.4356971386983781E-004 -0.19927955663512664     
 matrice A dopo DSYTRF
  0.40073967269385413        3.0095021783482252E-004   0.0000000000000000        0.0000000000000000     
   7.5098683345168585E-004  0.20018515767817580       -5.2208050319610291E-004   0.0000000000000000     
   0.0000000000000000       -2.6079880709009239E-003 -0.19927955663512664       -9.4356971386983781E-004
   0.0000000000000000        0.0000000000000000        4.7349047228034454E-003  -5.0110429727073672E-004
 numAut=           2
 kappa=           1
 fPrimo=  -1.1916448645717201     
 fSecondo=  -3.2740298296759791     
 j=           3
 j-esimo autovalore=   2.4963936778319811     
 x=   2.4973936778319810     
 matrice A
  0.25044934268429997        2.3427074150564618E-004   0.0000000000000000        0.0000000000000000     
   2.3427074150564618E-004  -4.0256975200136935E-004  -7.4515375572857317E-004   0.0000000000000000     
   0.0000000000000000       -7.4515375572857317E-004 -0.25142372088315179       -1.2672560255400863E-003
   0.0000000000000000        0.0000000000000000       -1.2672560255400863E-003 -0.50005054401324700     
 matrice A dopo DSYTRF
  0.25044934268429997        2.3427074150564618E-004   0.0000000000000000        0.0000000000000000     
   9.3540170237520854E-004  -4.0278888925179043E-004  -7.4515375572857317E-004   0.0000000000000000     
   0.0000000000000000        1.8499858750144531      -0.25004519696033994       -1.2672560255400863E-003
   0.0000000000000000       -0.0000000000000000        5.0681078498823863E-003 -0.50004412142303611     
 numAut=           3
 kappa=           1
 fPrimo=  -1.7673724714184327     
 fSecondo=  -4.8745926513307714     
 j=           4
 j-esimo autovalore=   3.3318545806563469     
 x=   3.3328545806563468     
 matrice A
  -3.0017847938035302E-004   1.2302042513517164E-004   0.0000000000000000        0.0000000000000000     
   1.2302042513517164E-004 -0.33507036423380243       -1.1173367914128101E-003   0.0000000000000000     
   0.0000000000000000       -1.1173367914128101E-003 -0.67006640463195133       -1.8073053264724410E-003
   0.0000000000000000        0.0000000000000000       -1.8073053264724410E-003  -1.0018671350087986     
 matrice A dopo DSYTRF
  -3.0017847938035302E-004   1.2302042513517164E-004   0.0000000000000000        0.0000000000000000     
 -0.40982426651343562      -0.33501994747830521       -1.1173367914128101E-003   0.0000000000000000     
  -0.0000000000000000        3.3351351160520529E-003 -0.67006267816278187       -1.8073053264724410E-003
  -0.0000000000000000       -0.0000000000000000        2.6972183131103783E-003  -1.0018622603117746     
 numAut=           4
 kappa=           1
 fPrimo=   707.80409788180646     
 fSecondo=   2663.7574722663558     
